2
3
5
7
11
13
17
19
23
29
31
37
41
43
47
53
59
61
67
71
73
79
83
89
97
101
103
107
109
113
127
131
137
139
149
151
157
163
167
173
179
181
191
193
197
199
211
223
227
229
233
239
241
251
257
263
269
271
277
281
283
293
307
311
313
317
331
337
347
349
353
359
367
373
379
389
397
401
409
419
421
431
433
439
443
449
457
461
463
467
487
491
499
521
523
541
547
557
563
569
571
577
587
593
599
601
607
613
617
619
631
641
643
647
653
659
661
673
677
683
691
701
709
719
727
733
739
743
757
761
769
773
787
797
809
811
821
823
827
829
839
853
857
859
877
881
883
907
911
919
929
937
941
947
953
967
971
977
997
1009
1031
1033
1039
1049
1051
1061
1063
1069
1087
1091
1093
1097
1103
1109
1117
1123
1129
1153
1163
1171
1181
1187
1193
1201
1213
1217
1223
1229
1231
1237
1249
1259
1283
1289
1291
1297
1301
1303
1307
1319
1321
1327
1361
1367
1373
1381
1409
1423
1427
1429
1433
1447
1451
1453
1459
1481
1483
1489
1493
1543
1549
1553
1559
1567
1571
1579
1583
1597
1601
1607
1609
1613
1619
1621
1627
1637
1657
1667
1669
1693
1697
1699
1709
1721
1733
1741
1747
1753
1777
1801
1811
1831
1861
1867
1873
1877
1889
1931
1933
1987
1993
2017
2053
2063
2069
2081
2083
2087
2089
2099
2111
2113
2129
2131
2137
2141
2143
2153
2161
2179
2203
2207
2213
2221
2237
2243
2251
2267
2269
2273
2281
2293
2297
2309
2311
2333
2339
2341
2347
2351
2357
2371
2377
2381
2383
2389
2393
2411
2417
2437
2441
2447
2459
2467
2473
2477
2503
2521
2531
2579
2591
2593
2609
2617
2621
2633
2647
2657
2659
2663
2677
2689
2693
2699
2707
2711
2713
2729
2731
2741
2753
2777
2789
2801
2819
2833
2837
2843
2851
2857
2861
2887
2897
2917
2953
2957
2963
2969
3011
3041
3079
3083
3089
3109
3119
3121
3137
3163
3169
3181
3187
3203
3209
3217
3221
3229
3251
3253
3257
3271
3299
3301
3313
3329
3331
3343
3347
3361
3371
3373
3413
3433
3457
3461
3463
3467
3469
3491
3529
3593
3607
3613
3617
3623
3637
3659
3673
3697
3719
3733
3761
3779
3793
3847
3851
3853
3877
3881
3889
3907
4001
4099
4111
4127
4129
4133
4139
4153
4157
4159
4177
4201
4211
4217
4219
4229
4231
4241
4243
4253
4259
4261
4271
4273
4283
4289
4297
4327
4337
4339
4357
4363
4373
4391
4397
4409
4421
4423
4441
4451
4457
4481
4483
4493
4507
4513
4517
4519
4523
4547
4549
4561
4621
4637
4639
4643
4649
4651
4657
4663
4673
4679
4691
4721
4723
4729
4751
4759
4787
4789
4793
4801
4813
4817
4871
4877
4889
4903
4909
4931
4933
4937
4969
4993
4999
5003
5009
5011
5059
5147
5153
5167
5171
5179
5189
5197
5209
5227
5233
5237
5261
5273
5281
5297
5323
5333
5347
5381
5387
5393
5399
5413
5417
5419
5441
5443
5449
5477
5507
5521
5569
5573
5639
5641
5647
5651
5653
5657
5659
5669
5683
5689
5701
5717
5737
5779
5801
5827
5857
5897
5923
5953
6151
6163
6173
6197
6199
6203
6211
6217
6221
6229
6247
6257
6277
6287
6299
6301
6311
6317
6323
6329
6337
6343
6353
6361
6373
6421
6427
6449
6451
6469
6473
6481
6529
6547
6553
6563
6569
6577
6659
6661
6673
6679
6689
6691
6701
6709
6733
6737
6761
6791
6793
6803
6833
6857
6917
6947
6949
6961
6977
7043
7057
7177
7187
7193
7207
7211
7213
7219
7237
7243
7253
7297
7307
7309
7321
7331
7333
7369
7393
7433
7457
7459
7489
7561
7681
7687
7691
7699
7717
7753
7817
7841
7873
7937
8209
8219
8221
8231
8233
8237
8243
8263
8269
8273
8287
8291
8293
8297
8311
8317
8329
8353
8363
8369
8377
8387
8389
8419
8423
8429
8461
8467
8501
8513
8521
8527
8537
8539
8563
8581
8597
8599
8609
8627
8629
8641
8647
8677
8681
8689
8707
8713
8719
8731
8737
8741
8747
8753
8761
8779
8783
8803
8807
8819
8821
8837
8839
8849
8861
8867
8929
8933
8963
8969
8971
8999
9001
9011
9013
9029
9041
9043
9049
9059
9091
9109
9137
9157
9161
9221
9227
9239
9241
9257
9277
9281
9283
9293
9319
9323
9337
9349
9371
9377
9397
9413
9419
9421
9433
9473
9479
9491
9497
9511
9521
9539
9547
9601
9613
9619
9649
9697
9733
9739
9743
9749
9767
9769
9781
9803
9811
9817
9829
9833
9857
9859
9923
9929
10009
10177
10243
10247
10253
10259
10267
10271
10273
10289
10301
10313
10321
10331
10333
10337
10343
10357
10369
10391
10433
10453
10457
10499
10501
10513
10529
10531
10567
10597
10601
10627
10631
10657
10691
10753
10771
10781
10789
10837
10853
10883
10889
10891
10949
11027
11057
11273
11279
11287
11299
11317
11321
11329
11353
11369
11393
11399
11411
11489
11527
11587
11593
11617
11657
11681
11777
11779
11783
11789
11801
11813
11909
11969
12037
12041
12049
12097
12161
12289
12301
12323
12329
12343
12347
12373
12377
12379
12391
12401
12409
12421
12433
12437
12451
12457
12473
12487
12491
12497
12517
12547
12553
12569
12577
12583
12589
12601
12611
12613
12619
12641
12689
12697
12713
12721
12739
12809
12821
12823
12829
12841
12853
12889
12899
12941
12953
13001
13009
13063
13093
13121
13187
13217
13249
13313
13327
13331
13337
13339
13381
13397
13411
13417
13441
13451
13457
13477
13513
13537
13577
13633
13649
13697
13729
13829
13831
13841
13859
13873
13921
14081
14083
14341
14347
14369
14387
14389
14401
14407
14411
14419
14437
14449
14489
14533
14537
14561
14593
14627
14629
14633
14657
14723
14737
14753
14851
14867
14869
14897
14929
15107
15121
15137
15233
15361
15373
15377
15401
15427
15493
15497
15619
15649
15877
15881
15889
15937
16001
16411
16417
16421
16427
16433
16447
16451
16453
16477
16481
16487
16493
16519
16529
16547
16553
16561
16567
16573
16603
16619
16633
16649
16651
16657
16661
16673
16691
16693
16699
16729
16741
16747
16787
16811
16843
16901
16903
16921
16927
16931
16937
16943
16963
16979
16981
16987
16993
17011
17027
17029
17033
17041
17047
17053
17077
17093
17099
17107
17123
17137
17159
17167
17189
17191
17203
17209
17257
17291
17293
17299
17317
17321
17377
17417
17419
17431
17443
17449
17467
17477
17483
17489
17491
17497
17509
17539
17551
17569
17573
17579
17581
17609
17669
17681
17683
17707
17713
17729
17737
17747
17749
17761
17827
17921
17923
17929
17939
17957
17959
17971
17977
17987
17989
18049
18059
18061
18089
18097
18121
18181
18211
18217
18257
18307
18313
18433
18439
18443
18451
18457
18461
18481
18493
18503
18517
18521
18523
18539
18541
18553
18583
18587
18593
18617
18637
18661
18691
18701
18713
18731
18757
18773
18787
18793
18913
18947
18959
18973
18979
19001
19009
19013
19073
19079
19081
19121
19139
19141
19207
19211
19213
19219
19237
19249
19267
19273
19333
19457
19463
19469
19471
19477
19483
19489
19501
19507
19531
19541
19553
19597
19603
19609
19681
19717
19753
19777
19793
19841
19843
19973
19979
19993
20101
20113
20129
20161
20233
20353
20483
20507
20509
20521
20533
20549
20551
20563
20593
20611
20627
20641
20681
20693
20707
20743
20747
20749
20753
20759
20771
20773
20789
20807
20809
20849
20873
20897
20899
20929
21001
21011
21013
21017
21019
21031
21059
21061
21067
21089
21121
21139
21157
21169
21187
21193
21269
21283
21313
21317
21377
21379
21517
21521
21523
21529
21557
21569
21577
21587
21589
21601
21617
21649
21673
21701
21713
21767
21773
21841
21893
22027
22037
22051
22147
22153
22273
22277
22531
22541
22543
22549
22567
22571
22573
22613
22669
22691
22697
22721
22787
22817
22853
22921
23041
23053
23057
23059
23081
23173
23201
23297
23557
23561
23563
23593
23633
23689
23813
23873
24097
24593
24611
24623
24631
24659
24677
24683
24691
24697
24709
24733
24749
24781
24793
24809
24841
24847
24851
24859
24877
24889
24907
24917
24967
24971
24977
24979
25033
25057
25097
25111
25117
25121
25127
25153
25163
25169
25171
25189
25219
25229
25237
25253
25349
25357
25409
25411
25537
25601
25603
25609
25621
25633
25639
25643
25657
25667
25673
25733
25741
25747
25763
25793
25801
25867
25873
25889
26017
26113
26119
26153
26161
26177
26209
26249
26371
26497
26627
26633
26641
26647
26669
26681
26693
26699
26701
26713
26723
26729
26737
26759
26777
26801
26821
26833
26849
26881
26891
26893
26921
26947
26953
27011
27017
27073
27143
27281
27329
27397
27409
27457
27653
27673
27689
27697
27779
27793
27809
28163
28289
28687
28697
28711
28723
28729
28753
28771
28807
28813
28817
28837
28867
28933
28949
28961
29009
29059
29191
29201
29209
29221
29251
29443
29473
29569
29717
29761
29833
30211
30241
30727
30757
30817
30851
30853
30881
30977
31237
31249
31489
31873
32257
32771
32779
32783
32789
32797
32801
32803
32831
32833
32839
32843
32869
32887
32909
32911
32917
32933
32939
32941
32957
32969
32971
32983
32987
32993
32999
33013
33029
33037
33049
33053
33071
33073
33083
33091
33107
33113
33161
33179
33181
33191
33203
33223
33287
33289
33301
33311
33317
33329
33331
33347
33349
33353
33359
33377
33409
33413
33427
33457
33461
33479
33493
33521
33547
33563
33569
33577
33581
33587
33589
33601
33613
33617
33619
33637
33641
33713
33797
33809
33811
33827
33829
33851
33857
33863
33871
33889
33893
33923
33931
33937
33941
33961
33997
34019
34033
34057
34061
34123
34129
34147
34183
34211
34213
34217
34273
34313
34319
34327
34337
34361
34369
34381
34403
34439
34457
34469
34499
34501
34513
34693
34721
34819
34841
34843
34847
34849
34871
34877
34883
34897
34913
34919
34949
34961
34963
34981
35027
35081
35083
35089
35099
35107
35111
35117
35129
35141
35149
35153
35171
35201
35221
35267
35281
35339
35353
35363
35381
35393
35401
35461
35491
35521
35537
35591
35593
35597
35603
35617
35729
35851
35863
35869
35879
35897
35911
35923
35969
35977
35993
36017
36037
36097
36107
36109
36131
36137
36161
36229
36241
36353
36373
36389
36433
36497
36871
36877
36887
36899
36901
36913
36919
36923
36929
36931
36943
36947
36973
36979
36997
37003
37013
37019
37021
37049
37057
37061
37097
37123
37139
37159
37171
37189
37201
37217
37253
37273
37313
37321
37379
37397
37409
37441
37447
37489
37507
37511
37517
37529
37537
37571
37573
37633
37643
37649
37657
37699
37889
37897
37907
37957
37963
37987
37993
38053
38083
38113
38149
38153
38177
38273
38281
38449
38561
38593
38917
38921
38923
38933
38953
38977
38993
39041
39043
39047
39089
39107
39113
39181
39209
39217
39233
39241
39301
39313
39443
39461
39521
39569
39937
39953
39971
40009
40129
40193
40577
40961
40973
40993
41011
41017
41039
41047
41051
41057
41077
41081
41113
41117
41131
41141
41161
41177
41189
41201
41221
41227
41231
41233
41243
41257
41269
41281
41299
41351
41357
41381
41411
41413
41479
41491
41507
41513
41521
41539
41543
41549
41603
41609
41611
41617
41621
41641
41669
41681
41729
41737
41761
41777
41801
41809
41999
42013
42017
42019
42023
42061
42073
42083
42089
42131
42179
42181
42193
42209
42257
42281
42307
42337
42373
42433
42499
42509
42533
42569
42577
42641
42689
43013
43019
43037
43049
43051
43093
43177
43201
43271
43283
43313
43331
43397
43457
43541
43649
43651
43777
43781
43793
44041
44053
44101
44129
44293
44417
44549
45061
45077
45083
45121
45127
45131
45137
45139
45161
45191
45197
45233
45281
45317
45319
45329
45337
45361
45377
45569
45587
45589
45641
45697
45827
45833
45841
45953
46091
46093
46099
46147
46153
46273
46337
46601
47111
47123
47129
47137
47237
47297
47363
47681
48131
48193
49157
49169
49171
49177
49193
49199
49201
49207
49211
49223
49253
49261
49297
49307
49331
49333
49363
49369
49393
49409
49411
49417
49429
49433
49451
49459
49477
49481
49537
49547
49549
49603
49633
49667
49669
49681
49697
49739
49741
49747
49801
49811
49921
49927
49937
49939
49957
49993
50051
50053
50177
50221
50227
50261
50273
50311
50321
50329
50341
50377
50441
50497
50513
50593
50707
50723
50753
50821
50833
50849
51203
51217
51229
51239
51241
51257
51283
51329
51341
51347
51349
51361
51461
51473
51481
51521
51593
51713
51719
51721
51749
51971
51973
51977
52237
52249
52259
52289
52291
52321
52361
52369
52489
52609
52769
53267
53269
53281
53299
53323
53353
53377
53381
53401
53411
53441
53507
53569
53633
53773
53777
53857
53891
53897
54049
54277
54293
54401
54403
54409
54787
55313
55331
55333
55337
55441
55457
55681
55813
55817
57347
57349
57367
57373
57383
57389
57397
57413
57427
57457
57493
57601
57637
57641
57649
57667
57697
57731
57737
57793
57859
57881
57923
58049
58129
58369
58379
58393
58403
58417
58441
58657
58889
58897
58913
59009
59393
59399
59417
59441
59473
59651
59921
60161
60449
61441
61507
61729
61961
62017
62081
62467
62473
62497
63493
63521
63617
64513
